7.0352    7.9770    7.7590    8.0280    8.0136  0 => -0.03225806451612903 
8.2572    8.4965    8.6291    8.3551    8.1007  0 => 0.11044176706827309 
7.7608    8.0085    7.9867    8.3967    8.0239 0 => -0.154 
8.4870    9.1094    8.6502    9.7801    9.5285 0 => 0.29568788501026694 
5.1672    5.5859    5.7339    5.4166    5.9023 1 => -0.1446028513238289 
6.4477    6.1131    6.2101    5.3050    5.5112 1 => 0.048879837067209775 
5.7954    6.1922    7.1070    5.8224    5.5234 1 => -0.184 
5.3719    6.0638    5.7927    5.5298    5.0906 1 => 0.29606625258799174 
.40240    .41374    .47823    .43445    .48796 2 => 0.31313131313131315 
.47249    .50243    .48776    .48407    .46759 2 => 0.5313131313131313  
.53556    .52366    .45792    .41159    .47740 2 => 0.23217922606924643
.40098    .52548    .40568    .43613    .51487 2 => 0.725531914893617  
3.7872    3.5946    3.6268    3.6201    4.0241 3 => -0.18162839248434237 
4.2314    4.7125    4.5168    4.4764    4.5950 3 => 0.1488469601677149  
4.6925    3.9932    4.1675    4.4515    4.8102 3 => 0.00819672131147541 
4.9542    4.9932    4.9050    4.8526    5.2322 3 => -0.13131313131313133 
3.8729    4.0485    4.1477    3.8789    4.3284 4 => -0.3216494845360825 
4.3668    4.0938    4.3752    4.5416    4.4948 4 => 0.036734693877551024 
3.7483    4.0308    4.9627    4.5601    4.6189 4 => -0.16260162601626016
3.6603    4.1790    4.5764    3.8906    4.3867 4 => 0.1748971193415638  
12.830    17.834    17.137    17.738    16.258 5 => -0.006224066390041493 
16.361    15.962    15.864    15.904    16.516 5 => 0.1425661914460285 
16.089    19.025    19.783    18.261    17.515 5 => -0.07302231237322515 
19.477    20.028    18.506    16.663    19.182 5 => 0.07740585774058577 
